1.847376324402226544e+00 1.997355334884234557e+00 2.400218761073011464e+00
2.013477859348786758e+00 1.435794234766592847e+00 2.328203200832129394e+00
1.791507311964369631e+00 1.678441781472347349e+00 2.139293160028965524e+00
2.108660000184975125e+00 2.464276642028686570e+00 2.446422059197640664e+00
2.008467186590795261e+00 2.070481632481464107e+00 1.819646465546252534e+00
2.055616852959790464e+00 1.900728855134794948e+00 2.143287795390607986e+00
2.012090541763496443e+00 1.903623669264600915e+00 1.245626837643911244e+00
2.287229388706069511e+00 2.516993968079842325e+00 1.705033590698821211e+00
2.089140538905363442e+00 1.878868777579157712e+00 1.944998631519108345e+00
1.344942636961189208e+00 1.987904795018671011e+00 2.130391738585729389e+00
1.675882577149444774e+00 1.958573755937191851e+00 2.404852660657216479e+00
2.270354006404684100e+00 2.386284985173093176e+00 1.583858445601408427e+00
1.947099139832334513e+00 1.791199308004333801e+00 2.428863769850652332e+00
2.212470973833816412e+00 1.972288189984759521e+00 1.992934319733195014e+00
2.124026733558805891e+00 1.985940029462585299e+00 1.727506197783404751e+00
1.894127498325674619e+00 1.604832373952504998e+00 2.046423551564332310e+00
2.080666194033184535e+00 2.108109477533127940e+00 1.762529768911083927e+00
2.028019485272431144e+00 2.505185317501135156e+00 1.828309682541235714e+00
2.079182194522228855e+00 1.900420903252986626e+00 1.616098681811902305e+00
2.109972340011936787e+00 2.107131963274177622e+00 2.409623200672306176e+00
1.925492433034316386e+00 2.223536053677332536e+00 1.825141552064394324e+00
2.057241327096687833e+00 1.788599974899031331e+00 2.030152112080417126e+00
2.105601544386196622e+00 1.954608941656412524e+00 1.823752989027578320e+00
2.025127976278318975e+00 1.775412732266586247e+00 1.769167268082215250e+00
1.889347087851305229e+00 1.318365726030358509e+00 1.817102666691401414e+00
1.670004012037022090e+00 2.092724324450442097e+00 1.644252432747975501e+00
1.789524687143303039e+00 1.867644969943138999e+00 1.908894812170612632e+00
2.199199019520426290e+00 1.998907764691847166e+00 1.775568604041475984e+00
2.147531985477400429e+00 2.217662257626757061e+00 2.046491717171041724e+00
2.439664051348287011e+00 2.100823316632254301e+00 1.623665454343702130e+00
2.327204049215104931e+00 1.914507790520181274e+00 1.845700781412599190e+00
2.089093559351419049e+00 2.186848253188478086e+00 1.804516101971603614e+00
2.336772499859320451e+00 2.087349245847452739e+00 2.527514095189000720e+00
2.022188013990609878e+00 1.556636789328484483e+00 1.895421302544896713e+00
1.402158231564208934e+00 2.481430415153214941e+00 1.859256682954484985e+00
1.964017660702408463e+00 2.092116400315919389e+00 2.610799934132413291e+00
1.972772655920218332e+00 1.885686091033817124e+00 1.837542657988115558e+00
1.650249045287792038e+00 1.895815109152924727e+00 2.025385397932890630e+00
2.418576564364367520e+00 1.334820836907906427e+00 1.934292273052196531e+00
1.346826250429918215e+00 1.919422144656461660e+00 2.296194531996368138e+00
2.098724281129664249e+00 1.836770164804741867e+00 1.502600566105340318e+00
2.478002735900677322e+00 1.591399326187839858e+00 2.250309268444540489e+00
2.093512998762239175e+00 1.993007472934928970e+00 1.708911937136683434e+00
1.904810102292604501e+00 1.390241523773894317e+00 2.044138015704924261e+00
1.868986008186719783e+00 1.625514905389901621e+00 2.353129516005746158e+00
1.987723630470835223e+00 2.141311773867510482e+00 2.252717547058233460e+00
1.867674473493265097e+00 2.401234369724529749e+00 2.098433728054544645e+00
2.153101878725143692e+00 1.825705888653654574e+00 1.939323159291490795e+00
1.647397918661734018e+00 2.291667793082302396e+00 2.036501651526248846e+00
2.334167145013888778e+00 1.939402752715354339e+00 2.234301355610757156e+00
2.379828083945410899e+00 1.299131848633754194e+00 1.974965168600078869e+00
1.987720178866327014e+00 2.179919922898546414e+00 1.740144944386078585e+00
2.272926947713702184e+00 2.103423407018822022e+00 2.205142015592985061e+00
1.822409341317239972e+00 1.850995485502690441e+00 1.960211064101637257e+00
1.981902880706731374e+00 1.941437024983202697e+00 1.737665039777232412e+00
2.311311399517267162e+00 1.896596794657555263e+00 2.346767550782540290e+00
2.342571530788797318e+00 2.512141764086635920e+00 1.786228309326989949e+00
2.369469172815500180e+00 1.856576281138947682e+00 1.866094242406773018e+00
2.129291227590315749e+00 2.282699225917206753e+00 1.921423379638490081e+00
2.191575563968160889e+00 1.714852756974311720e+00 2.165061301377763758e+00
2.624681688236591981e+00 2.078663311723607077e+00 2.482866608905043293e+00
1.952168414304266131e+00 2.438168629635799167e+00 1.694125832798550224e+00
1.811097585729642745e+00 1.700317706256479156e+00 1.099668001311413512e+00
2.357637986977007216e+00 2.004342210978167227e+00 2.100316904959558251e+00
1.898186547043432704e+00 1.941890218806810120e+00 1.674148258983024773e+00
2.528430046763471939e+00 2.690630066425907074e+00 1.788021019386967891e+00
2.853260894058604613e+00 2.257637862995753864e+00 1.856348438561784553e+00
1.651300814200686640e+00 1.798162818733071600e+00 2.074164417203877786e+00
1.692574194180925362e+00 2.422734647030315713e+00 2.169620758571634500e+00
1.984689622884815874e+00 1.826116738395943351e+00 2.093828107200506050e+00
1.982143738182235992e+00 1.992210945635261687e+00 2.637104139548466009e+00
2.737800981179088211e+00 2.118936037063068767e+00 1.844004869914118494e+00
1.505882026806635521e+00 1.875460344237382060e+00 2.141614943857998554e+00
2.141854202361783699e+00 2.125588964093181321e+00 2.140000799530777265e+00
2.096767834118559826e+00 1.949296244039749659e+00 2.022962516661146015e+00
2.020339518453308614e+00 1.742361177938290151e+00 1.862697380133764513e+00
1.928551278786561296e+00 1.821666594209027323e+00 2.021803081064352359e+00
1.128020493054402440e+00 2.333668527440089679e+00 1.751519483370411079e+00
1.865925064879306650e+00 1.974784854586139282e+00 2.690566420049575580e+00
2.104124330250276120e+00 2.231076716511724012e+00 2.014834924063382715e+00
2.187442835557863674e+00 2.319559151503638006e+00 2.089835745532931277e+00
1.870256106150407494e+00 2.336639215096757649e+00 2.328604245375967885e+00
2.248334606306837902e+00 1.658320592038222685e+00 2.577379895911634300e+00
2.310480128304103875e+00 1.948203303434452138e+00 1.868446381588844130e+00
2.132422391893611380e+00 2.364403422432879154e+00 2.284188646186539273e+00
2.331148189925609238e+00 2.065785494896612118e+00 1.988882959369351999e+00
2.039879020908346607e+00 1.760746329804278254e+00 2.364992103703784210e+00
2.554345491987779937e+00 1.668892894738629229e+00 2.039210688829421247e+00
2.094404897723828096e+00 2.049398599122661313e+00 1.602454572734359761e+00
2.145670032946332295e+00 2.006106412693357655e+00 1.585813519444609021e+00
2.753506430848219555e+00 1.889075005404879493e+00 1.613146050196499592e+00
1.688891464977077872e+00 2.018691084335673125e+00 1.787924183891558716e+00
1.816618023340384358e+00 2.296159619497537108e+00 1.928304303262253105e+00
2.454360201865013025e+00 2.306211226847543205e+00 1.809597772198514143e+00
1.881840365256559622e+00 2.144741794168607996e+00 1.711101244509731112e+00
2.074159614246716909e+00 1.946916079238159014e+00 2.151438291560070937e+00
2.007239804769129332e+00 1.963856716374991818e+00 2.001960724764740629e+00
2.123124611383162108e+00 2.391577940695805093e+00 1.951625374212564878e+00
1.527829868935617563e+00 2.247317573626702369e+00 2.151275653075412464e+00
1.767540485911825776e+00 2.492366158987799896e+00 2.055832586870371514e+00
-2.152623675597773456e+00 -2.002644665115765221e+00 -1.599781238926988314e+00
-1.986522140651213242e+00 -2.564205765233407153e+00 -1.671796799167870606e+00
-2.208492688035630369e+00 -2.321558218527652873e+00 -1.860706839971034254e+00
-1.891339999815024875e+00 -1.535723357971313430e+00 -1.553577940802359114e+00
-1.991532813409204961e+00 -1.929518367518535893e+00 -2.180353534453747688e+00
-1.944383147040209758e+00 -2.099271144865205052e+00 -1.856712204609392014e+00
-1.987909458236503557e+00 -2.096376330735399307e+00 -2.754373162356088756e+00
-1.712770611293930489e+00 -1.483006031920157675e+00 -2.294966409301178789e+00
-1.910859461094636558e+00 -2.121131222420842288e+00 -2.055001368480891877e+00
-2.655057363038810792e+00 -2.012095204981328767e+00 -1.869608261414270611e+00
-2.324117422850555226e+00 -2.041426244062808149e+00 -1.595147339342783521e+00
-1.729645993595315900e+00 -1.613715014826906824e+00 -2.416141554398591573e+00
-2.052900860167665709e+00 -2.208800691995666199e+00 -1.571136230149347668e+00
-1.787529026166183588e+00 -2.027711810015240257e+00 -2.007065680266804986e+00
-1.875973266441193887e+00 -2.014059970537414479e+00 -2.272493802216595249e+00
-2.105872501674325381e+00 -2.395167626047495002e+00 -1.953576448435667690e+00
-1.919333805966815687e+00 -1.891890522466872060e+00 -2.237470231088916073e+00
-1.971980514727568856e+00 -1.494814682498864844e+00 -2.171690317458764063e+00
-1.920817805477771145e+00 -2.099579096747013374e+00 -2.383901318188097918e+00
-1.890027659988062991e+00 -1.892868036725822378e+00 -1.590376799327693824e+00
-2.074507566965683836e+00 -1.776463946322667464e+00 -2.174858447935605454e+00
-1.942758672903312389e+00 -2.211400025100968669e+00 -1.969847887919583096e+00
-1.894398455613803378e+00 -2.045391058343587698e+00 -2.176247010972421680e+00
-1.974872023721681025e+00 -2.224587267733413753e+00 -2.230832731917784972e+00
-2.110652912148694771e+00 -2.681634273969641491e+00 -2.182897333308598586e+00
-2.329995987962977910e+00 -1.907275675549558125e+00 -2.355747567252024499e+00
-2.210475312856697183e+00 -2.132355030056861001e+00 -2.091105187829387368e+00
-1.800800980479573710e+00 -2.001092235308152834e+00 -2.224431395958524238e+00
-1.852468014522599571e+00 -1.782337742373242717e+00 -1.953508282828958276e+00
-1.560335948651712989e+00 -1.899176683367745699e+00 -2.376334545656297870e+00
-1.672795950784895069e+00 -2.085492209479818726e+00 -2.154299218587401032e+00
-1.910906440648580951e+00 -1.813151746811521914e+00 -2.195483898028396386e+00
-1.663227500140679549e+00 -1.912650754152547261e+00 -1.472485904810999280e+00
-1.977811986009390344e+00 -2.443363210671515517e+00 -2.104578697455103065e+00
-2.597841768435791288e+00 -1.518569584846785059e+00 -2.140743317045514793e+00
-2.035982339297591537e+00 -1.907883599684080833e+00 -1.389200065867586487e+00
-2.027227344079781890e+00 -2.114313908966182876e+00 -2.162457342011884442e+00
-2.349750954712208184e+00 -2.104184890847075273e+00 -1.974614602067109592e+00
-1.581423435635632480e+00 -2.665179163092093795e+00 -2.065707726947803469e+00
-2.653173749570081785e+00 -2.080577855343538118e+00 -1.703805468003631862e+00
-1.901275718870335751e+00 -2.163229835195258133e+00 -2.497399433894659904e+00
-1.521997264099322456e+00 -2.408600673812160142e+00 -1.749690731555459511e+00
-1.906487001237760603e+00 -2.006992527065071030e+00 -2.291088062863316566e+00
-2.095189897707395499e+00 -2.609758476226105905e+00 -1.955861984295075517e+00
-2.131013991813280217e+00 -2.374485094610098379e+00 -1.646870483994253842e+00
-2.012276369529164555e+00 -1.858688226132489740e+00 -1.747282452941766540e+00
-2.132325526506734903e+00 -1.598765630275470029e+00 -1.901566271945455355e+00
-1.846898121274856308e+00 -2.174294111346345204e+00 -2.060676840708509427e+00
-2.352602081338265982e+00 -1.708332206917697382e+00 -1.963498348473750932e+00
-1.665832854986111000e+00 -2.060597247284645661e+00 -1.765698644389242844e+00
-1.620171916054589323e+00 -2.700868151366245584e+00 -2.025034831399921131e+00
-2.012279821133672986e+00 -1.820080077101453808e+00 -2.259855055613921415e+00
-1.727073052286297816e+00 -1.896576592981177978e+00 -1.794857984407015161e+00
-2.177590658682759805e+00 -2.149004514497309337e+00 -2.039788935898362965e+00
-2.018097119293268626e+00 -2.058562975016797303e+00 -2.262334960222767588e+00
-1.688688600482732616e+00 -2.103403205342444959e+00 -1.653232449217459710e+00
-1.657428469211202682e+00 -1.487858235913364080e+00 -2.213771690673009829e+00
-1.630530827184500042e+00 -2.143423718861052318e+00 -2.133905757593226760e+00
-1.870708772409684251e+00 -1.717300774082793025e+00 -2.078576620361509697e+00
-1.808424436031838889e+00 -2.285147243025688280e+00 -1.834938698622236464e+00
-1.375318311763408019e+00 -1.921336688276392923e+00 -1.517133391094956929e+00
-2.047831585695733647e+00 -1.561831370364201055e+00 -2.305874167201449776e+00
-2.188902414270357255e+00 -2.299682293743520844e+00 -2.900331998688586488e+00
-1.642362013022992784e+00 -1.995657789021832995e+00 -1.899683095040441749e+00
-2.101813452956567296e+00 -2.058109781193190102e+00 -2.325851741016975005e+00
-1.471569953236528061e+00 -1.309369933574092926e+00 -2.211978980613032331e+00
-1.146739105941395387e+00 -1.742362137004246136e+00 -2.143651561438215669e+00
-2.348699185799313582e+00 -2.201837181266928400e+00 -1.925835582796122436e+00
-2.307425805819074416e+00 -1.577265352969684509e+00 -1.830379241428365500e+00
-2.015310377115184348e+00 -2.173883261604056649e+00 -1.906171892799493950e+00
-2.017856261817764008e+00 -2.007789054364738313e+00 -1.362895860451533991e+00
-1.262199018820911789e+00 -1.881063962936931233e+00 -2.155995130085881506e+00
-2.494117973193364257e+00 -2.124539655762617940e+00 -1.858385056142001446e+00
-1.858145797638216079e+00 -1.874411035906818901e+00 -1.859999200469222957e+00
-1.903232165881440396e+00 -2.050703755960250341e+00 -1.977037483338853985e+00
-1.979660481546691386e+00 -2.257638822061709849e+00 -2.137302619866235265e+00
-2.071448721213438482e+00 -2.178333405790972677e+00 -1.978196918935647641e+00
-2.871979506945597560e+00 -1.666331472559910321e+00 -2.248480516629589143e+00
-2.134074935120693350e+00 -2.025215145413860718e+00 -1.309433579950424420e+00
-1.895875669749723658e+00 -1.768923283488275988e+00 -1.985165075936617285e+00
-1.812557164442136548e+00 -1.680440848496361994e+00 -1.910164254467068723e+00
-2.129743893849592506e+00 -1.663360784903242351e+00 -1.671395754624032337e+00
-1.751665393693162320e+00 -2.341679407961777315e+00 -1.422620104088365478e+00
-1.689519871695896125e+00 -2.051796696565547862e+00 -2.131553618411155870e+00
-1.867577608106388620e+00 -1.635596577567120846e+00 -1.715811353813460505e+00
-1.668851810074390762e+00 -1.934214505103387882e+00 -2.011117040630647779e+00
-1.960120979091653393e+00 -2.239253670195721746e+00 -1.635007896296215790e+00
-1.445654508012219841e+00 -2.331107105261370549e+00 -1.960789311170578753e+00
-1.905595102276171904e+00 -1.950601400877338687e+00 -2.397545427265640239e+00
-1.854329967053667705e+00 -1.993893587306642567e+00 -2.414186480555390979e+00
-1.246493569151780445e+00 -2.110924994595120285e+00 -2.386853949803500186e+00
-2.311108535022921906e+00 -1.981308915664327097e+00 -2.212075816108441284e+00
-2.183381976659615642e+00 -1.703840380502462892e+00 -2.071695696737747117e+00
-1.545639798134986753e+00 -1.693788773152457017e+00 -2.190402227801485857e+00
-2.118159634743440378e+00 -1.855258205831392226e+00 -2.288898755490269110e+00
-1.925840385753283091e+00 -2.053083920761840986e+00 -1.848561708439929063e+00
-1.992760195230870668e+00 -2.036143283625007960e+00 -1.998039275235259593e+00
-1.876875388616837892e+00 -1.608422059304194685e+00 -2.048374625787435122e+00
-2.472170131064382659e+00 -1.752682426373297631e+00 -1.848724346924587536e+00
-2.232459514088174224e+00 -1.507633841012200326e+00 -1.944167413129628263e+00
1.847376324402226544e+00 1.997355334884234557e+00 4.002187610730116862e-01
2.013477859348786758e+00 1.435794234766592847e+00 3.282032008321292826e-01
1.791507311964369631e+00 1.678441781472347349e+00 1.392931600289656624e-01
2.108660000184975125e+00 2.464276642028686570e+00 4.464220591976408303e-01
2.008467186590795261e+00 2.070481632481464107e+00 -1.803535344537474938e-01
2.055616852959790464e+00 1.900728855134794948e+00 1.432877953906079860e-01
2.012090541763496443e+00 1.903623669264600915e+00 -7.543731623560888666e-01
2.287229388706069511e+00 2.516993968079842325e+00 -2.949664093011787891e-01
2.089140538905363442e+00 1.878868777579157712e+00 -5.500136848089171721e-02
1.344942636961189208e+00 1.987904795018671011e+00 1.303917385857294720e-01
1.675882577149444774e+00 1.958573755937191851e+00 4.048526606572163677e-01
2.270354006404684100e+00 2.386284985173093176e+00 -4.161415543985915733e-01
1.947099139832334513e+00 1.791199308004333801e+00 4.288637698506523876e-01
2.212470973833816412e+00 1.972288189984759521e+00 -7.065680266805095776e-03
2.124026733558805891e+00 1.985940029462585299e+00 -2.724938022165952489e-01
1.894127498325674619e+00 1.604832373952504998e+00 4.642355156433239372e-02
2.080666194033184535e+00 2.108109477533127940e+00 -2.374702310889160450e-01
2.028019485272431144e+00 2.505185317501135156e+00 -1.716903174587642578e-01
2.079182194522228855e+00 1.900420903252986626e+00 -3.839013181880976955e-01
2.109972340011936787e+00 2.107131963274177622e+00 4.096232006723061758e-01
1.925492433034316386e+00 2.223536053677332536e+00 -1.748584479356055932e-01
2.057241327096687833e+00 1.788599974899031331e+00 3.015211208041699079e-02
2.105601544386196622e+00 1.954608941656412524e+00 -1.762470109724216527e-01
2.025127976278318975e+00 1.775412732266586247e+00 -2.308327319177848336e-01
1.889347087851305229e+00 1.318365726030358509e+00 -1.828973333085985586e-01
1.670004012037022090e+00 2.092724324450442097e+00 -3.557475672520243881e-01
1.789524687143303039e+00 1.867644969943138999e+00 -9.110518782938729909e-02
2.199199019520426290e+00 1.998907764691847166e+00 -2.244313959585240992e-01
2.147531985477400429e+00 2.217662257626757061e+00 4.649171717104170348e-02
2.439664051348287011e+00 2.100823316632254301e+00 -3.763345456562978697e-01
2.327204049215104931e+00 1.914507790520181274e+00 -1.542992185874008382e-01
2.089093559351419049e+00 2.186848253188478086e+00 -1.954838980283964134e-01
2.336772499859320451e+00 2.087349245847452739e+00 5.275140951890006091e-01
2.022188013990609878e+00 1.556636789328484483e+00 -1.045786974551031895e-01
1.402158231564208934e+00 2.481430415153214941e+00 -1.407433170455149596e-01
1.964017660702408463e+00 2.092116400315919389e+00 6.107999341324135134e-01
1.972772655920218332e+00 1.885686091033817124e+00 -1.624573420118843592e-01
1.650249045287792038e+00 1.895815109152924727e+00 2.538539793289049107e-02
2.418576564364367520e+00 1.334820836907906427e+00 -6.570772694780335765e-02
1.346826250429918215e+00 1.919422144656461660e+00 2.961945319963682488e-01
2.098724281129664249e+00 1.836770164804741867e+00 -4.973994338946597371e-01
2.478002735900677322e+00 1.591399326187839858e+00 2.503092684445403782e-01
2.093512998762239175e+00 1.993007472934928970e+00 -2.910880628633166767e-01
1.904810102292604501e+00 1.390241523773894317e+00 4.413801570492444093e-02
1.868986008186719783e+00 1.625514905389901621e+00 3.531295160057462135e-01
1.987723630470835223e+00 2.141311773867510482e+00 2.527175470582335715e-01
1.867674473493265097e+00 2.401234369724529749e+00 9.843372805454475571e-02
2.153101878725143692e+00 1.825705888653654574e+00 -6.067684070850921929e-02
1.647397918661734018e+00 2.291667793082302396e+00 3.650165152624904735e-02
2.334167145013888778e+00 1.939402752715354339e+00 2.343013556107570727e-01
2.379828083945410899e+00 1.299131848633754194e+00 -2.503483139992110362e-02
1.987720178866327014e+00 2.179919922898546414e+00 -2.598550556139215262e-01
2.272926947713702184e+00 2.103423407018822022e+00 2.051420155929848388e-01
1.822409341317239972e+00 1.850995485502690441e+00 -3.978893589836274280e-02
1.981902880706731374e+00 1.941437024983202697e+00 -2.623349602227674771e-01
2.311311399517267162e+00 1.896596794657555263e+00 3.467675507825401793e-01
2.342571530788797318e+00 2.512141764086635920e+00 -2.137716906730100230e-01
2.369469172815500180e+00 1.856576281138947682e+00 -1.339057575932269817e-01
2.129291227590315749e+00 2.282699225917206753e+00 -7.857662036150982188e-02
2.191575563968160889e+00 1.714852756974311720e+00 1.650613013777636195e-01
2.624681688236591981e+00 2.078663311723607077e+00 4.828666089050430710e-01
1.952168414304266131e+00 2.438168629635799167e+00 -3.058741672014496649e-01
1.811097585729642745e+00 1.700317706256479156e+00 -9.003319986885865989e-01
2.357637986977007216e+00 2.004342210978167227e+00 1.003169049595583201e-01
1.898186547043432704e+00 1.941890218806810120e+00 -3.258517410169751716e-01
2.528430046763471939e+00 2.690630066425907074e+00 -2.119789806130321641e-01
2.853260894058604613e+00 2.257637862995753864e+00 -1.436515614382155304e-01
1.651300814200686640e+00 1.798162818733071600e+00 7.416441720387763337e-02
1.692574194180925362e+00 2.422734647030315713e+00 1.696207585716344446e-01
1.984689622884815874e+00 1.826116738395943351e+00 9.382810720050595299e-02
1.982143738182235992e+00 1.992210945635261687e+00 6.371041395484660086e-01
2.737800981179088211e+00 2.118936037063068767e+00 -1.559951300858815615e-01
1.505882026806635521e+00 1.875460344237382060e+00 1.416149438579984432e-01
2.141854202361783699e+00 2.125588964093181321e+00 1.400007995307770980e-01
2.096767834118559826e+00 1.949296244039749659e+00 2.296251666114611581e-02
2.020339518453308614e+00 1.742361177938290151e+00 -1.373026198662354036e-01
1.928551278786561296e+00 1.821666594209027323e+00 2.180308106435239340e-02
1.128020493054402440e+00 2.333668527440089679e+00 -2.484805166295889767e-01
1.865925064879306650e+00 1.974784854586139282e+00 6.905664200495755800e-01
2.104124330250276120e+00 2.231076716511724012e+00 1.483492406338280181e-02
2.187442835557863674e+00 2.319559151503638006e+00 8.983574553293137421e-02
1.870256106150407494e+00 2.336639215096757649e+00 3.286042453759677184e-01
2.248334606306837902e+00 1.658320592038222685e+00 5.773798959116345220e-01
2.310480128304103875e+00 1.948203303434452138e+00 -1.315536184111559537e-01
2.132422391893611380e+00 2.364403422432879154e+00 2.841886461865394953e-01
2.331148189925609238e+00 2.065785494896612118e+00 -1.111704063064790533e-02
2.039879020908346607e+00 1.760746329804278254e+00 3.649921037037843208e-01
2.554345491987779937e+00 1.668892894738629229e+00 3.921068882942128908e-02
2.094404897723828096e+00 2.049398599122661313e+00 -3.975454272656401278e-01
2.145670032946332295e+00 2.006106412693357655e+00 -4.141864805553908679e-01
2.753506430848219555e+00 1.889075005404879493e+00 -3.868539498035003521e-01
1.688891464977077872e+00 2.018691084335673125e+00 -2.120758161084413673e-01
1.816618023340384358e+00 2.296159619497537108e+00 -7.169569673774699170e-02
2.454360201865013025e+00 2.306211226847543205e+00 -1.904022278014858294e-01
1.881840365256559622e+00 2.144741794168607996e+00 -2.888987554902688881e-01
2.074159614246716909e+00 1.946916079238159014e+00 1.514382915600710477e-01
2.007239804769129332e+00 1.963856716374991818e+00 1.960724764740477168e-03
2.123124611383162108e+00 2.391577940695805093e+00 -4.837462578743507297e-02
1.527829868935617563e+00 2.247317573626702369e+00 1.512756530754124085e-01
1.767540485911825776e+00 2.492366158987799896e+00 5.583258687037163936e-02
