15
10
Posting_Date(MMDDYY), Account_Number, Transaction_Type, Foreign_Txn, Transaction_Date, Ecommerce_Flag, Local_Txn_Amt, Foreign_Txn_Amt, Merchant_Country, Merchant_State
03042015, 000045253131, 1, 0, 03012015, 0, 45.00, 0, 0, 1     
03042015, 000045253131, 1, 0, 03012015, 0, 78.65, 0, 0, 1
07092015, 000045253131, 1, 0, 07052015, 0, 452.21, 0, 0, 2
09042015, 000045253131, 0, 1, 09012015, 1, 34.34, 3434, 11, 0
07092015, 000045253131, 0, 0, 07052015, 0, 45.23, 0, 0, 3
03042015, 000045253131, 0, 0, 03012015, 0, 36.36, 0, 0, 1
03042015, 000045253131, 2, 0, 03012015, 1, 69.69, 1903, 12, 0
09262015, 000045253131, 1, 1, 09202015, 0, 120.34, 0, 0, 0
11122015, 000045253131, 0, 0, 11072015, 1, 341.4, 6891, 10, 0
03042015, 000045253131, 0, 0, 03012015, 1, 67.70, 6770, 11, 0
03042015, 000045253131, 0, 0, 03012015, 0, 79.60, 0, 0, 7
09202015, 000045253131, 0, 0, 09172015, 0, 67.45, 0, 0, 3
07092015, 000045253131, 2, 1, 07052015, 0, 45.78, 0, 0, 1
03072015, 000045253131, 2, 0, 03042015, 1, 444.04 , 310, 5, 1
07052015, 000045253131, 1, 0, 07012015, 0, 554.02, 0, 0, 1